-2.688395481557305e-06
-1.34407228710611e-06
6.049046650960604e-06
1.344188680203139e-05
1.075360980482334e-05
6.721183854511382e-06
7.392937726402317e-06
4.704704289605857e-06
-1.344016529439415e-06
-2.688592374610614e-06
2.688402451201638e-06
6.72120650592317e-06
3.360311398186271e-06
-6.722992477831341e-07
-2.688202073816783e-06
-5.376620206248189e-06
-4.704897697856786e-06
-2.688402451209884e-06
-5.376637630414232e-06
-1.075378753131271e-05
-1.411411286883441e-05
-1.613030667740595e-05
-1.949104845248526e-05
-2.217932022245057e-05
-2.35235022814683e-05
-2.150727013972808e-05
-1.747458979665713e-05
-1.54583193216697e-05
-1.142576617495722e-05
-8.065162050784983e-06
-6.048905515211477e-06
1.344138498604018e-06
8.065278792696907e-06
7.393106740817388e-06
4.704665956444898e-06
5.376848462825893e-06
1.344201225603964e-06
-1.747469085675149e-05
-4.301440437096478e-05
-5.780042792976555e-05
-5.376819538672471e-05
-3.898216137439297e-05
-2.150693385333253e-05
-6.721006127939658e-07
1.74743197220165e-05
2.75564526991738e-05
3.360503064007963e-05
3.629327104653537e-05
3.427734034286302e-05
2.957242696326776e-05
1.949077837755488e-05
1.209773436317388e-05