-0.0001918440359837129
-0.0001866590620382072
-0.0001866595459506583
-0.0002099919891944906
-0.0002385088014932649
-0.000251471888294637
-0.0002644343567634326
-0.0002799885930573108
-0.0002825818126197299
-0.0002748043315384692
-0.0002722111321390683
-0.000285174306313489
-0.0002981367747823017
-0.0002981360018665987
-0.0002955435148938279
-0.0002877668000072649
-0.0002748043315384692
-0.0002696186451662992
-0.000264434356763417
-0.0002488793946008779
-0.0002229538796567607
-0.0001944370270319244
-0.0001607346090130671
-0.0001192544007466391
-7.518231711901081e-05
-2.851743063135076e-05
7.77746091825923e-06
3.888730459129295e-05
6.740483603773768e-05
8.29597982002928e-05
9.851450496460945e-05
0.0001062922414441188
9.332977297532895e-05
7.518212220983756e-05
6.481234234397481e-05
5.703486126270152e-05
4.407227853680155e-05
5.184987387517949e-05
0.0001114772288316431
0.0002177689057112548
0.0003344308194851217
0.0004251689657764747
0.0004847963207329598
0.000508127446659594
0.0004873888144266899
0.0004407239279390544
0.0003810955849946959
0.0003110992432510787
0.0002411019135196002
0.0001788816011199593
0.0001270321909941905
0.0001037000165919978