3996.94843,1.00203
3994.88921,1.00265
3992.82999,1.00282
3990.77077,1.00250
3988.71154,1.00226
3986.65232,1.00217
3984.59310,1.00213
3982.53388,1.00235
3980.47466,1.00255
3978.41544,1.00248
3976.35622,1.00241
3974.29700,1.00265
3972.23778,1.00297
3970.17855,1.00302
3968.11933,1.00281
3966.06011,1.00264
3964.00089,1.00258
3961.94167,1.00254
3959.88245,1.00252
3957.82323,1.00256
3955.76401,1.00257
3953.70478,1.00244
3951.64556,1.00225
3949.58634,1.00238
3947.52712,1.00293
3945.46790,1.00307
3943.40868,1.00278
3941.34946,1.00286
3939.29024,1.00293
3937.23101,1.00258
3935.17179,1.00214
3933.11257,1.00202
3931.05335,1.00222
3928.99413,1.00206
3926.93491,1.00170
3924.87569,1.00193
3922.81647,1.00245
3920.75724,1.00253
3918.69802,1.00239
3916.63880,1.00260
3914.57958,1.00302
3912.52036,1.00307
3910.46114,1.00260
3908.40192,1.00184
3906.34270,1.00125
3904.28347,1.00147
3902.22425,1.00249
3900.16503,1.00334
3898.10581,1.00353
3896.04659,1.00293
3893.98737,1.00200
3891.92815,1.00215
3889.86893,1.00309
3887.80970,1.00274
3885.75048,1.00213
3883.69126,1.00231
3881.63204,1.00236
3879.57282,1.00285
3877.51360,1.00305
3875.45438,1.00255
3873.39516,1.00228
3871.33593,1.00208
3869.27671,1.00237
3867.21749,1.00267
3865.15827,1.00244
3863.09905,1.00268
3861.03983,1.00302
3858.98061,1.00253
3856.92139,1.00116
3854.86216,0.99998
3852.80294,1.00200
3850.74372,1.00426
3848.68450,1.00393
3846.62528,1.00306
3844.56606,1.00271
3842.50684,1.00276
3840.44762,1.00261
3838.38839,1.00262
3836.32917,1.00337
3834.26995,1.00372
3832.21073,1.00341
3830.15151,1.00313
3828.09229,1.00294
3826.03307,1.00266
3823.97385,1.00187
3821.91462,1.00149
3819.85540,1.00241
3817.79618,1.00276
3815.73696,1.00302
3813.67774,1.00334
3811.61852,1.00283
3809.55930,1.00208
3807.50008,1.00230
3805.44085,1.00309
3803.38163,1.00263
3801.32241,1.00243
3799.26319,1.00306
3797.20397,1.00315
3795.14475,1.00355
3793.08553,1.00382
3791.02631,1.00330
3788.96708,1.00241
3786.90786,1.00180
3784.84864,1.00205
3782.78942,1.00233
3780.73020,1.00230
3778.67098,1.00307
3776.61176,1.00379
3774.55254,1.00336
3772.49331,1.00266
3770.43409,1.00273
3768.37487,1.00309
3766.31565,1.00293
3764.25643,1.00299
3762.19721,1.00293
3760.13799,1.00233
3758.07877,1.00202
3756.01954,1.00179
3753.96032,1.00105
3751.90110,1.00121
3749.84188,1.00296
3747.78266,1.00309
3745.72344,1.00229
3743.66422,1.00300
3741.60500,1.00338
3739.54577,1.00221
3737.48655,1.00114
3735.42733,1.00189
3733.36811,1.00328
3731.30889,1.00350
3729.24967,1.00288
3727.19045,1.00211
3725.13123,1.00198
3723.07200,1.00234
3721.01278,1.00271
3718.95356,1.00289
3716.89434,1.00264
3714.83512,1.00199
3712.77590,1.00146
3710.71668,1.00222
3708.65746,1.00358
3706.59823,1.00388
3704.53901,1.00335
3702.47979,1.00303
3700.42057,1.00318
3698.36135,1.00322
3696.30213,1.00312
3694.24291,1.00271
3692.18369,1.00206
3690.12446,1.00213
3688.06524,1.00306
3686.00602,1.00331
3683.94680,1.00256
3681.88758,1.00173
3679.82836,1.00148
3677.76914,1.00133
3675.70992,1.00174
3673.65069,1.00262
3671.59147,1.00228
3669.53225,1.00223
3667.47303,1.00273
3665.41381,1.00233
3663.35459,1.00166
3661.29537,1.00111
3659.23615,1.00027
3657.17693,0.99968
3655.11770,1.00003
3653.05848,1.00006
3650.99926,0.99969
3648.94004,1.00056
3646.88082,1.00160
3644.82160,1.00101
3642.76238,1.00007
3640.70316,0.99979
3638.64393,0.99978
3636.58471,0.99964
3634.52549,0.99921
3632.46627,0.99832
3630.40705,0.99754
3628.34783,0.99832
3626.28861,0.99927
3624.22939,0.99889
3622.17016,0.99803
3620.11094,0.99772
3618.05172,0.99857
3615.99250,0.99886
3613.93328,0.99818
3611.87406,0.99774
3609.81484,0.99770
3607.75562,0.99806
3605.69639,0.99822
3603.63717,0.99754
3601.57795,0.99702
3599.51873,0.99703
3597.45951,0.99670
3595.40029,0.99628
3593.34107,0.99626
3591.28185,0.99579
3589.22262,0.99498
3587.16340,0.99550
3585.10418,0.99641
3583.04496,0.99603
3580.98574,0.99530
3578.92652,0.99508
3576.86730,0.99515
3574.80808,0.99492
3572.74885,0.99455
3570.68963,0.99419
3568.63041,0.99413
3566.57119,0.99504
3564.51197,0.99548
3562.45275,0.99462
3560.39353,0.99383
3558.33431,0.99369
3556.27508,0.99370
3554.21586,0.99357
3552.15664,0.99343
3550.09742,0.99325
3548.03820,0.99286
3545.97898,0.99273
3543.91976,0.99300
3541.86054,0.99307
3539.80131,0.99254
3537.74209,0.99186
3535.68287,0.99162
3533.62365,0.99157
3531.56443,0.99151
3529.50521,0.99151
3527.44599,0.99134
3525.38677,0.99111
3523.32754,0.99100
3521.26832,0.99086
3519.20910,0.99067
3517.14988,0.99044
3515.09066,0.99031
3513.03144,0.99027
3510.97222,0.99025
3508.91300,0.99057
3506.85377,0.99088
3504.79455,0.99065
3502.73533,0.99023
3500.67611,0.98990
3498.61689,0.98983
3496.55767,0.98995
3494.49845,0.98988
3492.43923,0.98978
3490.38000,0.98979
3488.32078,0.98965
3486.26156,0.98932
3484.20234,0.98906
3482.14312,0.98905
3480.08390,0.98877
3478.02468,0.98840
3475.96546,0.98840
3473.90623,0.98832
3471.84701,0.98779
3469.78779,0.98712
3467.72857,0.98660
3465.66935,0.98619
3463.61013,0.98575
3461.55091,0.98522
3459.49169,0.98466
3457.43246,0.98423
3455.37324,0.98397
3453.31402,0.98353
3451.25480,0.98254
3449.19558,0.98142
3447.13636,0.98113
3445.07714,0.98152
3443.01792,0.98148
3440.95869,0.98082
3438.89947,0.97973
3436.84025,0.97841
3434.78103,0.97738
3432.72181,0.97673
3430.66259,0.97605
3428.60337,0.97509
3426.54415,0.97415
3424.48492,0.97332
3422.42570,0.97233
3420.36648,0.97112
3418.30726,0.96969
3416.24804,0.96812
3414.18882,0.96639
3412.12960,0.96457
3410.07038,0.96306
3408.01115,0.96174
3405.95193,0.96012
3403.89271,0.95819
3401.83349,0.95618
3399.77427,0.95436
3397.71505,0.95300
3395.65583,0.95174
3393.59661,0.94994
3391.53738,0.94808
3389.47816,0.94707
3387.41894,0.94660
3385.35972,0.94609
3383.30050,0.94554
3381.24128,0.94468
3379.18206,0.94362
3377.12284,0.94286
3375.06361,0.94237
3373.00439,0.94218
3370.94517,0.94211
3368.88595,0.94171
3366.82673,0.94126
3364.76751,0.94116
3362.70829,0.94125
3360.64907,0.94122
3358.58985,0.94104
3356.53062,0.94086
3354.47140,0.94065
3352.41218,0.94043
3350.35296,0.94032
3348.29374,0.94022
3346.23452,0.94004
3344.17530,0.94006
3342.11608,0.94022
3340.05685,0.94037
3337.99763,0.94062
3335.93841,0.94096
3333.87919,0.94129
3331.81997,0.94168
3329.76075,0.94234
3327.70153,0.94319
3325.64231,0.94392
3323.58308,0.94475
3321.52386,0.94587
3319.46464,0.94702
3317.40542,0.94823
3315.34620,0.94939
3313.28698,0.95037
3311.22776,0.95159
3309.16854,0.95316
3307.10931,0.95478
3305.05009,0.95639
3302.99087,0.95808
3300.93165,0.95973
3298.87243,0.96119
3296.81321,0.96250
3294.75399,0.96397
3292.69477,0.96573
3290.63554,0.96729
3288.57632,0.96845
3286.51710,0.96950
3284.45788,0.97064
3282.39866,0.97172
3280.33944,0.97267
3278.28022,0.97368
3276.22100,0.97487
3274.16177,0.97611
3272.10255,0.97717
3270.04333,0.97802
3267.98411,0.97899
3265.92489,0.98025
3263.86567,0.98126
3261.80645,0.98187
3259.74723,0.98264
3257.68800,0.98359
3255.62878,0.98435
3253.56956,0.98490
3251.51034,0.98520
3249.45112,0.98553
3247.39190,0.98610
3245.33268,0.98668
3243.27346,0.98733
3241.21423,0.98798
3239.15501,0.98819
3237.09579,0.98822
3235.03657,0.98867
3232.97735,0.98938
3230.91813,0.98988
3228.85891,0.99024
3226.79969,0.99070
3224.74046,0.99107
3222.68124,0.99125
3220.62202,0.99130
3218.56280,0.99142
3216.50358,0.99196
3214.44436,0.99257
3212.38514,0.99266
3210.32592,0.99271
3208.26669,0.99310
3206.20747,0.99347
3204.14825,0.99384
3202.08903,0.99430
3200.02981,0.99457
3197.97059,0.99474
3195.91137,0.99504
3193.85215,0.99511
3191.79292,0.99487
3189.73370,0.99469
3187.67448,0.99477
3185.61526,0.99520
3183.55604,0.99569
3181.49682,0.99573
3179.43760,0.99563
3177.37838,0.99568
3175.31915,0.99559
3173.25993,0.99552
3171.20071,0.99565
3169.14149,0.99570
3167.08227,0.99568
3165.02305,0.99572
3162.96383,0.99590
3160.90461,0.99620
3158.84538,0.99613
3156.78616,0.99573
3154.72694,0.99570
3152.66772,0.99605
3150.60850,0.99629
3148.54928,0.99634
3146.49006,0.99633
3144.43084,0.99638
3142.37161,0.99651
3140.31239,0.99643
3138.25317,0.99635
3136.19395,0.99678
3134.13473,0.99734
3132.07551,0.99747
3130.01629,0.99715
3127.95707,0.99669
3125.89784,0.99647
3123.83862,0.99636
3121.77940,0.99608
3119.72018,0.99591
3117.66096,0.99606
3115.60174,0.99624
3113.54252,0.99619
3111.48330,0.99599
3109.42407,0.99578
3107.36485,0.99565
3105.30563,0.99565
3103.24641,0.99563
3101.18719,0.99552
3099.12797,0.99548
3097.06875,0.99549
3095.00953,0.99543
3092.95030,0.99543
3090.89108,0.99524
3088.83186,0.99458
3086.77264,0.99401
3084.71342,0.99387
3082.65420,0.99378
3080.59498,0.99358
3078.53576,0.99341
3076.47653,0.99350
3074.41731,0.99379
3072.35809,0.99360
3070.29887,0.99293
3068.23965,0.99257
3066.18043,0.99269
3064.12121,0.99307
3062.06199,0.99351
3060.00276,0.99375
3057.94354,0.99382
3055.88432,0.99393
3053.82510,0.99402
3051.76588,0.99407
3049.70666,0.99438
3047.64744,0.99479
3045.58822,0.99470
3043.52900,0.99430
3041.46977,0.99413
3039.41055,0.99419
3037.35133,0.99412
3035.29211,0.99398
3033.23289,0.99405
3031.17367,0.99403
3029.11445,0.99365
3027.05523,0.99318
3024.99600,0.99286
3022.93678,0.99254
3020.87756,0.99186
3018.81834,0.99084
3016.75912,0.98986
3014.69990,0.98891
3012.64068,0.98775
3010.58146,0.98641
3008.52223,0.98492
3006.46301,0.98344
3004.40379,0.98195
3002.34457,0.98021
3000.28535,0.97842
2998.22613,0.97630
2996.16691,0.97362
2994.10769,0.97089
2992.04846,0.96819
2989.98924,0.96533
2987.93002,0.96230
2985.87080,0.95889
2983.81158,0.95506
2981.75236,0.95089
2979.69314,0.94631
2977.63392,0.94133
2975.57469,0.93595
2973.51547,0.93008
2971.45625,0.92385
2969.39703,0.91751
2967.33781,0.91112
2965.27859,0.90503
2963.21937,0.89966
2961.16015,0.89515
2959.10092,0.89169
2957.04170,0.88975
2954.98248,0.88964
2952.92326,0.89126
2950.86404,0.89409
2948.80482,0.89733
2946.74560,0.90056
2944.68638,0.90362
2942.62715,0.90613
2940.56793,0.90772
2938.50871,0.90841
2936.44949,0.90852
2934.39027,0.90821
2932.33105,0.90751
2930.27183,0.90679
2928.21261,0.90640
2926.15338,0.90622
2924.09416,0.90591
2922.03494,0.90546
2919.97572,0.90522
2917.91650,0.90579
2915.85728,0.90794
2913.79806,0.91167
2911.73884,0.91595
2909.67961,0.91980
2907.62039,0.92294
2905.56117,0.92548
2903.50195,0.92766
2901.44273,0.92974
2899.38351,0.93166
2897.32429,0.93326
2895.26507,0.93466
2893.20584,0.93615
2891.14662,0.93790
2889.08740,0.93985
2887.02818,0.94156
2884.96896,0.94274
2882.90974,0.94365
2880.85052,0.94426
2878.79130,0.94405
2876.73207,0.94313
2874.67285,0.94218
2872.61363,0.94159
2870.55441,0.94196
2868.49519,0.94368
2866.43597,0.94621
2864.37675,0.94892
2862.31753,0.95157
2860.25830,0.95378
2858.19908,0.95527
2856.13986,0.95607
2854.08064,0.95616
2852.02142,0.95602
2849.96220,0.95688
2847.90298,0.95988
2845.84376,0.96479
2843.78453,0.97001
2841.72531,0.97437
2839.66609,0.97788
2837.60687,0.98064
2835.54765,0.98261
2833.48843,0.98413
2831.42921,0.98555
2829.36999,0.98677
2827.31076,0.98764
2825.25154,0.98825
2823.19232,0.98885
2821.13310,0.98947
2819.07388,0.98993
2817.01466,0.99039
2814.95544,0.99101
2812.89622,0.99156
2810.83699,0.99181
2808.77777,0.99193
2806.71855,0.99218
2804.65933,0.99251
2802.60011,0.99272
2800.54089,0.99285
2798.48167,0.99301
2796.42245,0.99314
2794.36322,0.99315
2792.30400,0.99325
2790.24478,0.99354
2788.18556,0.99369
2786.12634,0.99362
2784.06712,0.99369
2782.00790,0.99386
2779.94868,0.99395
2777.88945,0.99413
2775.83023,0.99449
2773.77101,0.99489
2771.71179,0.99515
2769.65257,0.99518
2767.59335,0.99512
2765.53413,0.99523
2763.47491,0.99542
2761.41568,0.99549
2759.35646,0.99553
2757.29724,0.99556
2755.23802,0.99549
2753.17880,0.99531
2751.11958,0.99520
2749.06036,0.99532
2747.00114,0.99566
2744.94192,0.99614
2742.88269,0.99639
2740.82347,0.99632
2738.76425,0.99624
2736.70503,0.99626
2734.64581,0.99631
2732.58659,0.99624
2730.52737,0.99602
2728.46815,0.99599
2726.40892,0.99616
2724.34970,0.99624
2722.29048,0.99618
2720.23126,0.99627
2718.17204,0.99651
2716.11282,0.99671
2714.05360,0.99680
2711.99438,0.99679
2709.93515,0.99677
2707.87593,0.99686
2705.81671,0.99701
2703.75749,0.99705
2701.69827,0.99710
2699.63905,0.99739
2697.57983,0.99781
2695.52061,0.99796
2693.46138,0.99785
2691.40216,0.99780
2689.34294,0.99790
2687.28372,0.99802
2685.22450,0.99802
2683.16528,0.99792
2681.10606,0.99784
2679.04684,0.99790
2676.98761,0.99816
2674.92839,0.99855
2672.86917,0.99883
2670.80995,0.99884
2668.75073,0.99877
2666.69151,0.99868
2664.63229,0.99850
2662.57307,0.99820
2660.51384,0.99787
2658.45462,0.99768
2656.39540,0.99777
2654.33618,0.99797
2652.27696,0.99813
2650.21774,0.99823
2648.15852,0.99830
2646.09930,0.99822
2644.04007,0.99799
2641.98085,0.99779
2639.92163,0.99786
2637.86241,0.99819
2635.80319,0.99844
2633.74397,0.99860
2631.68475,0.99875
2629.62553,0.99873
2627.56630,0.99863
2625.50708,0.99867
2623.44786,0.99886
2621.38864,0.99900
2619.32942,0.99899
2617.27020,0.99903
2615.21098,0.99921
2613.15176,0.99928
2611.09253,0.99903
2609.03331,0.99871
2606.97409,0.99869
2604.91487,0.99888
2602.85565,0.99892
2600.79643,0.99891
2598.73721,0.99909
2596.67799,0.99928
2594.61876,0.99935
2592.55954,0.99940
2590.50032,0.99925
2588.44110,0.99896
2586.38188,0.99902
2584.32266,0.99950
2582.26344,0.99990
2580.20422,0.99985
2578.14499,0.99958
2576.08577,0.99950
2574.02655,0.99952
2571.96733,0.99927
2569.90811,0.99928
2567.84889,0.99994
2565.78967,1.00044
2563.73045,1.00047
2561.67122,1.00033
2559.61200,1.00003
2557.55278,0.99981
2555.49356,0.99978
2553.43434,0.99968
2551.37512,0.99970
2549.31590,1.00010
2547.25668,1.00038
2545.19745,1.00034
2543.13823,1.00026
2541.07901,1.00019
2539.01979,1.00038
2536.96057,1.00073
2534.90135,1.00061
2532.84213,1.00031
2530.78291,1.00042
2528.72368,1.00073
2526.66446,1.00099
2524.60524,1.00084
2522.54602,1.00050
2520.48680,1.00048
2518.42758,1.00057
2516.36836,1.00062
2514.30914,1.00069
2512.24991,1.00061
2510.19069,1.00038
2508.13147,1.00028
2506.07225,1.00044
2504.01303,1.00061
2501.95381,1.00055
2499.89459,1.00059
2497.83537,1.00057
2495.77614,1.00032
2493.71692,1.00039
2491.65770,1.00072
2489.59848,1.00074
2487.53926,1.00068
2485.48004,1.00093
2483.42082,1.00131
2481.36160,1.00151
2479.30237,1.00134
2477.24315,1.00102
2475.18393,1.00103
2473.12471,1.00112
2471.06549,1.00107
2469.00627,1.00105
2466.94705,1.00084
2464.88783,1.00050
2462.82860,1.00051
2460.76938,1.00075
2458.71016,1.00104
2456.65094,1.00132
2454.59172,1.00133
2452.53250,1.00107
2450.47328,1.00085
2448.41406,1.00093
2446.35483,1.00120
2444.29561,1.00141
2442.23639,1.00148
2440.17717,1.00146
2438.11795,1.00132
2436.05873,1.00101
2433.99951,1.00076
2431.94029,1.00071
2429.88107,1.00066
2427.82184,1.00038
2425.76262,1.00016
2423.70340,1.00053
2421.64418,1.00091
2419.58496,1.00080
2417.52574,1.00077
2415.46652,1.00080
2413.40730,1.00064
2411.34807,1.00049
2409.28885,1.00051
2407.22963,1.00056
2405.17041,1.00044
2403.11119,1.00035
2401.05197,1.00029
2398.99275,1.00020
2396.93353,1.00024
2394.87430,1.00015
2392.81508,0.99999
2390.75586,1.00008
2388.69664,1.00028
2386.63742,1.00032
2384.57820,1.00015
2382.51898,1.00000
2380.45976,1.00010
2378.40053,1.00018
2376.34131,0.99999
2374.28209,0.99973
2372.22287,0.99972
2370.16365,1.00000
2368.10443,1.00017
2366.04521,1.00005
2363.98599,1.00023
2361.92676,1.00103
2359.86754,1.00148
2357.80832,1.00129
2355.74910,1.00102
2353.68988,1.00106
2351.63066,1.00114
2349.57144,1.00064
2347.51222,0.99976
2345.45299,0.99942
2343.39377,1.00005
2341.33455,1.00065
2339.27533,1.00082
2337.21611,1.00083
2335.15689,1.00057
2333.09767,1.00024
2331.03845,1.00024
2328.97922,1.00000
2326.92000,0.99869
2324.86078,0.99759
2322.80156,0.99787
2320.74234,0.99849
2318.68312,0.99860
2316.62390,0.99847
2314.56468,0.99845
2312.50545,0.99858
2310.44623,0.99870
2308.38701,0.99883
2306.32779,0.99896
2304.26857,0.99891
2302.20935,0.99868
2300.15013,0.99872
2298.09091,0.99906
2296.03168,0.99924
2293.97246,0.99910
2291.91324,0.99879
2289.85402,0.99847
2287.79480,0.99836
2285.73558,0.99866
2283.67636,0.99902
2281.61714,0.99913
2279.55791,0.99929
2277.49869,0.99947
2275.43947,0.99938
2273.38025,0.99930
2271.32103,0.99948
2269.26181,0.99974
2267.20259,1.00010
2265.14337,1.00050
2263.08414,1.00079
2261.02492,1.00089
2258.96570,1.00092
2256.90648,1.00135
2254.84726,1.00180
2252.78804,1.00141
2250.72882,1.00061
2248.66960,1.00049
2246.61037,1.00083
2244.55115,1.00077
2242.49193,1.00042
2240.43271,0.99992
2238.37349,0.99955
2236.31427,0.99999
2234.25505,1.00044
2232.19583,0.99972
2230.13660,0.99904
2228.07738,0.99953
2226.01816,1.00068
2223.95894,1.00159
2221.89972,1.00133
2219.84050,1.00023
2217.78128,0.99993
2215.72206,1.00065
2213.66283,1.00112
2211.60361,1.00133
2209.54439,1.00137
2207.48517,1.00084
2205.42595,1.00065
2203.36673,1.00095
2201.30751,1.00084
2199.24829,1.00034
2197.18906,1.00001
2195.12984,1.00065
2193.07062,1.00158
2191.01140,1.00156
2188.95218,1.00066
2186.89296,0.99947
2184.83374,0.99919
2182.77452,0.99993
2180.71529,1.00013
2178.65607,0.99973
2176.59685,1.00030
2174.53763,1.00135
2172.47841,1.00116
2170.41919,0.99946
2168.35997,0.99788
2166.30075,0.99829
2164.24152,0.99957
2162.18230,1.00044
2160.12308,1.00293
2158.06386,1.00640
2156.00464,1.00660
2153.94542,1.00449
2151.88620,1.00297
2149.82698,1.00268
2147.76775,1.00316
2145.70853,1.00310
2143.64931,1.00178
2141.59009,1.00040
2139.53087,1.00062
2137.47165,1.00216
2135.41243,1.00358
2133.35321,1.00402
2131.29399,1.00322
2129.23476,1.00201
2127.17554,1.00149
2125.11632,1.00144
2123.05710,1.00115
2120.99788,1.00073
2118.93866,1.00042
2116.87944,0.99991
2114.82022,0.99929
2112.76099,0.99895
2110.70177,0.99884
2108.64255,0.99899
2106.58333,0.99912
2104.52411,0.99897
2102.46489,0.99896
2100.40567,0.99884
2098.34645,0.99873
2096.28722,0.99894
2094.22800,0.99895
2092.16878,0.99879
2090.10956,0.99873
2088.05034,0.99872
2085.99112,0.99878
2083.93190,0.99891
2081.87268,0.99911
2079.81345,0.99917
2077.75423,0.99880
2075.69501,0.99830
2073.63579,0.99844
2071.57657,0.99926
2069.51735,0.99959
2067.45813,0.99918
2065.39891,0.99932
2063.33968,0.99969
2061.28046,0.99918
2059.22124,0.99876
2057.16202,0.99903
2055.10280,0.99928
2053.04358,0.99886
2050.98436,0.99804
2048.92514,0.99804
2046.86591,0.99903
2044.80669,0.99965
2042.74747,0.99914
2040.68825,0.99828
2038.62903,0.99837
2036.56981,0.99971
2034.51059,1.00096
2032.45137,1.00158
2030.39214,1.00158
2028.33292,1.00075
2026.27370,1.00014
2024.21448,0.99989
2022.15526,1.00000
2020.09604,1.00127
2018.03682,1.00215
2015.97760,1.00150
2013.91837,1.00107
2011.85915,1.00159
2009.79993,1.00178
2007.74071,1.00040
2005.68149,0.99940
2003.62227,1.00085
2001.56305,1.00229
1999.50383,1.00156
1997.44460,1.00042
1995.38538,0.99993
1993.32616,0.99890
1991.26694,0.99799
1989.20772,0.99817
1987.14850,0.99846
1985.08928,0.99880
1983.03006,0.99897
1980.97083,0.99798
1978.91161,0.99757
1976.85239,0.99995
1974.79317,1.00238
1972.73395,1.00216
1970.67473,1.00067
1968.61551,0.99990
1966.55629,1.00073
1964.49706,1.00228
1962.43784,1.00263
1960.37862,1.00149
1958.31940,1.00043
1956.26018,1.00067
1954.20096,1.00139
1952.14174,1.00127
1950.08252,1.00049
1948.02329,1.00010
1945.96407,0.99984
1943.90485,0.99926
1941.84563,0.99927
1939.78641,0.99969
1937.72719,0.99965
1935.66797,0.99955
1933.60875,0.99966
1931.54952,0.99957
1929.49030,0.99927
1927.43108,0.99906
1925.37186,0.99895
1923.31264,0.99892
1921.25342,0.99886
1919.19420,0.99886
1917.13498,0.99899
1915.07575,0.99861
1913.01653,0.99801
1910.95731,0.99807
1908.89809,0.99869
1906.83887,0.99890
1904.77965,0.99858
1902.72043,0.99862
1900.66121,0.99862
1898.60198,0.99804
1896.54276,0.99752
1894.48354,0.99738
1892.42432,0.99732
1890.36510,0.99738
1888.30588,0.99765
1886.24666,0.99782
1884.18744,0.99783
1882.12821,0.99780
1880.06899,0.99769
1878.00977,0.99743
1875.95055,0.99720
1873.89133,0.99694
1871.83211,0.99642
1869.77289,0.99618
1867.71367,0.99670
1865.65444,0.99692
1863.59522,0.99665
1861.53600,0.99663
1859.47678,0.99681
1857.41756,0.99680
1855.35834,0.99659
1853.29912,0.99646
1851.23990,0.99620
1849.18067,0.99556
1847.12145,0.99483
1845.06223,0.99465
1843.00301,0.99517
1840.94379,0.99545
1838.88457,0.99532
1836.82535,0.99505
1834.76613,0.99474
1832.70691,0.99445
1830.64768,0.99434
1828.58846,0.99427
1826.52924,0.99386
1824.47002,0.99348
1822.41080,0.99329
1820.35158,0.99311
1818.29236,0.99306
1816.23314,0.99298
1814.17391,0.99254
1812.11469,0.99185
1810.05547,0.99147
1807.99625,0.99132
1805.93703,0.99095
1803.87781,0.99047
1801.81859,0.99020
1799.75937,0.99013
1797.70014,0.98989
1795.64092,0.98956
1793.58170,0.98924
1791.52248,0.98891
1789.46326,0.98849
1787.40404,0.98788
1785.34482,0.98722
1783.28560,0.98669
1781.22637,0.98628
1779.16715,0.98571
1777.10793,0.98480
1775.04871,0.98366
1772.98949,0.98282
1770.93027,0.98217
1768.87105,0.98096
1766.81183,0.97921
1764.75260,0.97704
1762.69338,0.97424
1760.63416,0.97080
1758.57494,0.96642
1756.51572,0.96004
1754.45650,0.95189
1752.39728,0.94164
1750.33806,0.92687
1748.27883,0.90788
1746.21961,0.88784
1744.16039,0.86701
1742.10117,0.84534
1740.04195,0.82189
1737.98273,0.79930
1735.92351,0.77931
1733.86429,0.75563
1731.80506,0.73195
1729.74584,0.71298
1727.68662,0.69546
1725.62740,0.67978
1723.56818,0.66593
1721.50896,0.65360
1719.44974,0.64277
1717.39052,0.63322
1715.33129,0.62537
1713.27207,0.61764
1711.21285,0.60981
1709.15363,0.60229
1707.09441,0.59546
1705.03519,0.58918
1702.97597,0.58276
1700.91675,0.57934
1698.85752,0.58083
1696.79830,0.58740
1694.73908,0.60044
1692.67986,0.61454
1690.62064,0.63241
1688.56142,0.65603
1686.50220,0.68017
1684.44298,0.71771
1682.38375,0.75992
1680.32453,0.78481
1678.26531,0.80445
1676.20609,0.82523
1674.14687,0.84654
1672.08765,0.86181
1670.02843,0.87521
1667.96921,0.88829
1665.90998,0.89586
1663.85076,0.90221
1661.79154,0.91007
1659.73232,0.91646
1657.67310,0.92045
1655.61388,0.92337
1653.55466,0.92929
1651.49544,0.93671
1649.43621,0.93876
1647.37699,0.94071
1645.31777,0.94354
1643.25855,0.94363
1641.19933,0.94204
1639.14011,0.94023
1637.08089,0.93992
1635.02167,0.94330
1632.96244,0.94713
1630.90322,0.94963
1628.84400,0.95227
1626.78478,0.95460
1624.72556,0.95595
1622.66634,0.95678
1620.60712,0.95695
1618.54790,0.95742
1616.48867,0.95992
1614.42945,0.96253
1612.37023,0.96364
1610.31101,0.96451
1608.25179,0.96546
1606.19257,0.96606
1604.13335,0.96631
1602.07413,0.96652
1600.01490,0.96656
1597.95568,0.96627
1595.89646,0.96589
1593.83724,0.96545
1591.77802,0.96466
1589.71880,0.96358
1587.65958,0.96225
1585.60036,0.96029
1583.54113,0.95757
1581.48191,0.95438
1579.42269,0.95097
1577.36347,0.94750
1575.30425,0.94377
1573.24503,0.93982
1571.18581,0.93519
1569.12659,0.92888
1567.06736,0.92152
1565.00814,0.91330
1562.94892,0.90471
1560.88970,0.89580
1558.83048,0.88124
1556.77126,0.86578
1554.71204,0.85424
1552.65282,0.84215
1550.59359,0.82927
1548.53437,0.81596
1546.47515,0.80345
1544.41593,0.79108
1542.35671,0.77916
1540.29749,0.76784
1538.23827,0.75763
1536.17905,0.75015
1534.11982,0.74468
1532.06060,0.74094
1530.00138,0.73828
1527.94216,0.73697
1525.88294,0.73794
1523.82372,0.74052
1521.76450,0.74668
1519.70528,0.75556
1517.64606,0.76486
1515.58683,0.77679
1513.52761,0.78864
1511.46839,0.80020
1509.40917,0.81286
1507.34995,0.83455
1505.29073,0.86116
1503.23151,0.87426
1501.17229,0.88351
1499.11306,0.89393
1497.05384,0.90493
1494.99462,0.91282
1492.93540,0.91579
1490.87618,0.91588
1488.81696,0.91373
1486.75774,0.90895
1484.69852,0.90257
1482.63929,0.89469
1480.58007,0.88530
1478.52085,0.87550
1476.46163,0.86599
1474.40241,0.85753
1472.34319,0.85133
1470.28397,0.84764
1468.22475,0.84493
1466.16552,0.84250
1464.10630,0.83995
1462.04708,0.83651
1459.98786,0.83249
1457.92864,0.82931
1455.86942,0.82795
1453.81020,0.82702
1451.75098,0.82686
1449.69175,0.82842
1447.63253,0.83192
1445.57331,0.83591
1443.51409,0.83945
1441.45487,0.84318
1439.39565,0.84752
1437.33643,0.85512
1435.27721,0.86686
1433.21798,0.87764
1431.15876,0.88874
1429.09954,0.90075
1427.04032,0.90953
1424.98110,0.91461
1422.92188,0.91692
1420.86266,0.91659
1418.80344,0.91412
1416.74421,0.90964
1414.68499,0.90402
1412.62577,0.89829
1410.56655,0.89359
1408.50733,0.89086
1406.44811,0.89071
1404.38889,0.89292
1402.32967,0.89531
1400.27044,0.89644
1398.21122,0.89597
1396.15200,0.89304
1394.09278,0.88750
1392.03356,0.88131
1389.97434,0.87679
1387.91512,0.87533
1385.85590,0.87664
1383.79667,0.87803
1381.73745,0.87881
1379.67823,0.87988
1377.61901,0.88168
1375.55979,0.88376
1373.50057,0.88465
1371.44135,0.88250
1369.38213,0.87859
1367.32290,0.87699
1365.26368,0.88060
1363.20446,0.88935
1361.14524,0.89940
1359.08602,0.90600
1357.02680,0.90958
1354.96758,0.91166
1352.90836,0.91266
1350.84913,0.91270
1348.78991,0.91173
1346.73069,0.90969
1344.67147,0.90683
1342.61225,0.90363
1340.55303,0.90062
1338.49381,0.89827
1336.43459,0.89680
1334.37536,0.89624
1332.31614,0.89640
1330.25692,0.89675
1328.19770,0.89679
1326.13848,0.89614
1324.07926,0.89477
1322.02004,0.89307
1319.96082,0.89139
1317.90159,0.88981
1315.84237,0.88811
1313.78315,0.88600
1311.72393,0.88321
1309.66471,0.87961
1307.60549,0.87529
1305.54627,0.87026
1303.48705,0.86440
1301.42782,0.85796
1299.36860,0.85185
1297.30938,0.84685
1295.25016,0.84319
1293.19094,0.84031
1291.13172,0.83713
1289.07250,0.83288
1287.01328,0.82737
1284.95405,0.82085
1282.89483,0.81364
1280.83561,0.80591
1278.77639,0.79778
1276.71717,0.78939
1274.65795,0.78074
1272.59873,0.77184
1270.53951,0.76282
1268.48028,0.75375
1266.42106,0.74464
1264.36184,0.73554
1262.30262,0.72638
1260.24340,0.71701
1258.18418,0.70748
1256.12496,0.69791
1254.06574,0.68853
1252.00651,0.67936
1249.94729,0.67048
1247.88807,0.66228
1245.82885,0.65515
1243.76963,0.64928
1241.71041,0.64480
1239.65119,0.64182
1237.59197,0.64048
1235.53274,0.64090
1233.47352,0.64310
1231.41430,0.64708
1229.35508,0.65296
1227.29586,0.66072
1225.23664,0.67012
1223.17742,0.68099
1221.11820,0.69282
1219.05898,0.70488
1216.99975,0.71656
1214.94053,0.72737
1212.88131,0.73691
1210.82209,0.74491
1208.76287,0.75119
1206.70365,0.75572
1204.64443,0.75846
1202.58521,0.75948
1200.52598,0.75918
1198.46676,0.75782
1196.40754,0.75521
1194.34832,0.75137
1192.28910,0.74650
1190.22988,0.74078
1188.17066,0.73448
1186.11144,0.72814
1184.05221,0.72198
1181.99299,0.71575
1179.93377,0.70952
1177.87455,0.70352
1175.81533,0.69774
1173.75611,0.69235
1171.69689,0.68759
1169.63767,0.68352
1167.57844,0.68013
1165.51922,0.67746
1163.46000,0.67554
1161.40078,0.67402
1159.34156,0.67238
1157.28234,0.66998
1155.22312,0.66612
1153.16390,0.66058
1151.10467,0.65397
1149.04545,0.64720
1146.98623,0.64091
1144.92701,0.63553
1142.86779,0.63121
1140.80857,0.62799
1138.74935,0.62589
1136.69013,0.62498
1134.63090,0.62532
1132.57168,0.62727
1130.51246,0.63115
1128.45324,0.63700
1126.39402,0.64449
1124.33480,0.65297
1122.27558,0.66179
1120.21636,0.67056
1118.15713,0.67931
1116.09791,0.68828
1114.03869,0.69758
1111.97947,0.70699
1109.92025,0.71609
1107.86103,0.72422
1105.80181,0.73094
1103.74259,0.73637
1101.68336,0.74137
1099.62414,0.74705
1097.56492,0.75400
1095.50570,0.76190
1093.44648,0.76996
1091.38726,0.77749
1089.32804,0.78393
1087.26882,0.78904
1085.20959,0.79308
1083.15037,0.79659
1081.09115,0.79973
1079.03193,0.80237
1076.97271,0.80466
1074.91349,0.80627
1072.85427,0.80671
1070.79505,0.80624
1068.73582,0.80486
1066.67660,0.80176
1064.61738,0.79659
1062.55816,0.78979
1060.49894,0.78216
1058.43972,0.77466
1056.38050,0.76806
1054.32128,0.76307
1052.26205,0.76020
1050.20283,0.75957
1048.14361,0.76080
1046.08439,0.76300
1044.02517,0.76536
1041.96595,0.76753
1039.90673,0.76935
1037.84751,0.77103
1035.78828,0.77335
1033.72906,0.77704
1031.66984,0.78222
1029.61062,0.78868
1027.55140,0.79619
1025.49218,0.80433
1023.43296,0.81274
1021.37374,0.82107
1019.31451,0.82881
1017.25529,0.83554
1015.19607,0.84100
1013.13685,0.84503
1011.07763,0.84738
1009.01841,0.84811
1006.95919,0.84760
1004.89997,0.84599
1002.84074,0.84342
1000.78152,0.84022
998.72230,0.83667
996.66308,0.83278
994.60386,0.82863
992.54464,0.82456
990.48542,0.82098
988.42620,0.81833
986.36697,0.81701
984.30775,0.81729
982.24853,0.81888
980.18931,0.82126
978.13009,0.82413
976.07087,0.82710
974.01165,0.82963
971.95243,0.83168
969.89320,0.83366
967.83398,0.83543
965.77476,0.83685
963.71554,0.83794
961.65632,0.83790
959.59710,0.83552
957.53788,0.83041
955.47866,0.82357
953.41943,0.81744
951.36021,0.81473
949.30099,0.81676
947.24177,0.82279
945.18255,0.83070
943.12333,0.83852
941.06411,0.84532
939.00489,0.85107
936.94566,0.85630
934.88644,0.86123
932.82722,0.86571
930.76800,0.86990
928.70878,0.87408
926.64956,0.87820
924.59034,0.88213
922.53112,0.88578
920.47189,0.88903
918.41267,0.89191
916.35345,0.89482
914.29423,0.89804
912.23501,0.90162
910.17579,0.90555
908.11657,0.90918
906.05735,0.91179
903.99813,0.91331
901.93890,0.91387
899.87968,0.91362
897.82046,0.91250
895.76124,0.91059
893.70202,0.90840
891.64280,0.90592
889.58358,0.90308
887.52436,0.90020
885.46513,0.89741
883.40591,0.89499
881.34669,0.89333
879.28747,0.89241
877.22825,0.89236
875.16903,0.89367
873.10981,0.89602
871.05059,0.89835
868.99136,0.90017
866.93214,0.90163
864.87292,0.90303
862.81370,0.90413
860.75448,0.90466
858.69526,0.90485
856.63604,0.90499
854.57682,0.90550
852.51759,0.90668
850.45837,0.90820
848.39915,0.90969
846.33993,0.91113
844.28071,0.91296
842.22149,0.91560
840.16227,0.91868
838.10305,0.92147
836.04382,0.92399
833.98460,0.92629
831.92538,0.92806
829.86616,0.92919
827.80694,0.92976
825.74772,0.92942
823.68850,0.92724
821.62928,0.92258
819.57005,0.91629
817.51083,0.91012
815.45161,0.90575
813.39239,0.90444
811.33317,0.90650
809.27395,0.91161
807.21473,0.91907
805.15551,0.92739
803.09628,0.93431
801.03706,0.93829
798.97784,0.93963
796.91862,0.93922
794.85940,0.93719
792.80018,0.93341
790.74096,0.92792
788.68174,0.92030
786.62251,0.90935
784.56329,0.89433
782.50407,0.87566
780.44485,0.85521
778.38563,0.83635
776.32641,0.82298
774.26719,0.81790
772.20797,0.82192
770.14874,0.83344
768.08952,0.84873
766.03030,0.86347
763.97108,0.87473
761.91186,0.88186
759.85264,0.88560
757.79342,0.88718
755.73420,0.88792
753.67497,0.88907
751.61575,0.89104
749.55653,0.89382
747.49731,0.89788
745.43809,0.90301
743.37887,0.90767
741.31965,0.91075
739.26043,0.91264
737.20120,0.91387
735.14198,0.91421
733.08276,0.91340
731.02354,0.91217
728.96432,0.91121
726.90510,0.91016
724.84588,0.90867
722.78666,0.90698
720.72743,0.90520
718.66821,0.90345
716.60899,0.90200
714.54977,0.90050
712.49055,0.89900
710.43133,0.89811
708.37211,0.89728
706.31289,0.89575
704.25366,0.89387
702.19444,0.89224
700.13522,0.89101
698.07600,0.88993
696.01678,0.88867
693.95756,0.88731
691.89834,0.88599
689.83912,0.88472
687.77989,0.88366
685.72067,0.88270
683.66145,0.88161
681.60223,0.88026
679.54301,0.87869
677.48379,0.87683
675.42457,0.87463
673.36535,0.87240
671.30612,0.87056
669.24690,0.86871
667.18768,0.86576
665.12846,0.86277
663.06924,0.86009
661.01002,0.85741
658.95080,0.85510
656.89158,0.85330
654.83235,0.85173
652.77313,0.85009
650.71391,0.84830
648.65469,0.84661
646.59547,0.84513
644.53625,0.84376
642.47703,0.84243
640.41781,0.84139
638.35858,0.84056
636.29936,0.83941
634.24014,0.83824
632.18092,0.83732
630.12170,0.83617
628.06248,0.83490
626.00326,0.83412
623.94404,0.83370
621.88481,0.83311
619.82559,0.83231
617.76637,0.83143
615.70715,0.83055
613.64793,0.82975
611.58871,0.82936
609.52949,0.82935
607.47027,0.82872
605.41105,0.82745
603.35182,0.82669
601.29260,0.82654
599.23338,0.82672
597.17416,0.82706
595.11494,0.82734
593.05572,0.82745
590.99650,0.82716
588.93728,0.82717
586.87805,0.82786
584.81883,0.82883
582.75961,0.82993
580.70039,0.83075
578.64117,0.83108
576.58195,0.83137
574.52273,0.83199
572.46351,0.83302
570.40428,0.83404
568.34506,0.83427
566.28584,0.83419
564.22662,0.83489
562.16740,0.83610
560.10818,0.83708
558.04896,0.83807
555.98974,0.83918
553.93051,0.84015
551.87129,0.84085
549.81207,0.84157
547.75285,0.84237
545.69363,0.84228
543.63441,0.84139
541.57519,0.84084
539.51597,0.84049
537.45674,0.84005
535.39752,0.83980
533.33830,0.83935
531.27908,0.83864
529.21986,0.83800
527.16064,0.83745
525.10142,0.83664
523.04220,0.83467
520.98297,0.83268
518.92375,0.83211
516.86453,0.83184
514.80531,0.83044
512.74609,0.82862
510.68687,0.82805
508.62765,0.82855
506.56843,0.82826
504.50920,0.82738
502.44998,0.82757
500.39076,0.82851
498.33154,0.82852
496.27232,0.82744
494.21310,0.82604
492.15388,0.82461
490.09466,0.82356
488.03543,0.82333
485.97621,0.82367
483.91699,0.82437
481.85777,0.82527
479.79855,0.82618
477.73933,0.82748
475.68011,0.82892
473.62089,0.82978
471.56166,0.83044
469.50244,0.83111
467.44322,0.83216
465.38400,0.83437
463.32478,0.83729
461.26556,0.83983
459.20634,0.84163
457.14712,0.84328
455.08789,0.84515
453.02867,0.84713
450.96945,0.84981
448.91023,0.85383
446.85101,0.85739
444.79179,0.85953
442.73257,0.86166
440.67335,0.86318
438.61412,0.86385
436.55490,0.86476
434.49568,0.86645
432.43646,0.86808
430.37724,0.86836
428.31802,0.86682
426.25880,0.86471
424.19958,0.86519
422.14035,0.86810
420.08113,0.86951
418.02191,0.86934
415.96269,0.86944
413.90347,0.86758
411.84425,0.86315
409.78503,0.85767
407.72581,0.85307
405.66658,0.84967
403.60736,0.84631
401.54814,0.84342
399.48892,0.84060
