3996.94843,0.99384
3994.88921,0.99399
3992.82999,0.99410
3990.77077,0.99417
3988.71154,0.99417
3986.65232,0.99421
3984.59310,0.99441
3982.53388,0.99449
3980.47466,0.99435
3978.41544,0.99421
3976.35622,0.99421
3974.29700,0.99424
3972.23778,0.99430
3970.17855,0.99454
3968.11933,0.99475
3966.06011,0.99474
3964.00089,0.99457
3961.94167,0.99425
3959.88245,0.99428
3957.82323,0.99472
3955.76401,0.99491
3953.70478,0.99462
3951.64556,0.99415
3949.58634,0.99389
3947.52712,0.99406
3945.46790,0.99439
3943.40868,0.99440
3941.34946,0.99417
3939.29024,0.99434
3937.23101,0.99487
3935.17179,0.99515
3933.11257,0.99512
3931.05335,0.99510
3928.99413,0.99515
3926.93491,0.99502
3924.87569,0.99474
3922.81647,0.99458
3920.75724,0.99441
3918.69802,0.99409
3916.63880,0.99395
3914.57958,0.99430
3912.52036,0.99480
3910.46114,0.99510
3908.40192,0.99500
3906.34270,0.99470
3904.28347,0.99433
3902.22425,0.99379
3900.16503,0.99354
3898.10581,0.99387
3896.04659,0.99423
3893.98737,0.99417
3891.92815,0.99414
3889.86893,0.99450
3887.80970,0.99448
3885.75048,0.99395
3883.69126,0.99378
3881.63204,0.99421
3879.57282,0.99483
3877.51360,0.99513
3875.45438,0.99485
3873.39516,0.99430
3871.33593,0.99366
3869.27671,0.99331
3867.21749,0.99380
3865.15827,0.99428
3863.09905,0.99430
3861.03983,0.99432
3858.98061,0.99434
3856.92139,0.99427
3854.86216,0.99399
3852.80294,0.99359
3850.74372,0.99414
3848.68450,0.99496
3846.62528,0.99519
3844.56606,0.99489
3842.50684,0.99456
3840.44762,0.99440
3838.38839,0.99436
3836.32917,0.99462
3834.26995,0.99494
3832.21073,0.99518
3830.15151,0.99532
3828.09229,0.99523
3826.03307,0.99511
3823.97385,0.99496
3821.91462,0.99466
3819.85540,0.99456
3817.79618,0.99446
3815.73696,0.99429
3813.67774,0.99474
3811.61852,0.99551
3809.55930,0.99586
3807.50008,0.99556
3805.44085,0.99498
3803.38163,0.99475
3801.32241,0.99474
3799.26319,0.99474
3797.20397,0.99496
3795.14475,0.99542
3793.08553,0.99582
3791.02631,0.99596
3788.96708,0.99578
3786.90786,0.99557
3784.84864,0.99563
3782.78942,0.99571
3780.73020,0.99547
3778.67098,0.99529
3776.61176,0.99555
3774.55254,0.99593
3772.49331,0.99608
3770.43409,0.99589
3768.37487,0.99558
3766.31565,0.99540
3764.25643,0.99523
3762.19721,0.99491
3760.13799,0.99462
3758.07877,0.99471
3756.01954,0.99492
3753.96032,0.99498
3751.90110,0.99492
3749.84188,0.99457
3747.78266,0.99427
3745.72344,0.99413
3743.66422,0.99400
3741.60500,0.99407
3739.54577,0.99417
3737.48655,0.99398
3735.42733,0.99370
3733.36811,0.99414
3731.30889,0.99517
3729.24967,0.99561
3727.19045,0.99540
3725.13123,0.99538
3723.07200,0.99558
3721.01278,0.99552
3718.95356,0.99557
3716.89434,0.99568
3714.83512,0.99547
3712.77590,0.99506
3710.71668,0.99481
3708.65746,0.99522
3706.59823,0.99593
3704.53901,0.99594
3702.47979,0.99515
3700.42057,0.99467
3698.36135,0.99501
3696.30213,0.99544
3694.24291,0.99537
3692.18369,0.99481
3690.12446,0.99436
3688.06524,0.99460
3686.00602,0.99479
3683.94680,0.99463
3681.88758,0.99456
3679.82836,0.99463
3677.76914,0.99429
3675.70992,0.99365
3673.65069,0.99400
3671.59147,0.99456
3669.53225,0.99446
3667.47303,0.99466
3665.41381,0.99522
3663.35459,0.99546
3661.29537,0.99544
3659.23615,0.99523
3657.17693,0.99471
3655.11770,0.99428
3653.05848,0.99404
3650.99926,0.99366
3648.94004,0.99354
3646.88082,0.99361
3644.82160,0.99365
3642.76238,0.99418
3640.70316,0.99486
3638.64393,0.99492
3636.58471,0.99433
3634.52549,0.99388
3632.46627,0.99388
3630.40705,0.99364
3628.34783,0.99329
3626.28861,0.99380
3624.22939,0.99439
3622.17016,0.99449
3620.11094,0.99394
3618.05172,0.99324
3615.99250,0.99296
3613.93328,0.99273
3611.87406,0.99250
3609.81484,0.99233
3607.75562,0.99221
3605.69639,0.99258
3603.63717,0.99308
3601.57795,0.99309
3599.51873,0.99284
3597.45951,0.99284
3595.40029,0.99312
3593.34107,0.99327
3591.28185,0.99277
3589.22262,0.99163
3587.16340,0.99091
3585.10418,0.99145
3583.04496,0.99192
3580.98574,0.99173
3578.92652,0.99151
3576.86730,0.99155
3574.80808,0.99142
3572.74885,0.99102
3570.68963,0.99064
3568.63041,0.99004
3566.57119,0.98938
3564.51197,0.98939
3562.45275,0.98958
3560.39353,0.98956
3558.33431,0.98957
3556.27508,0.98944
3554.21586,0.98904
3552.15664,0.98876
3550.09742,0.98833
3548.03820,0.98749
3545.97898,0.98704
3543.91976,0.98729
3541.86054,0.98743
3539.80131,0.98730
3537.74209,0.98711
3535.68287,0.98675
3533.62365,0.98650
3531.56443,0.98645
3529.50521,0.98617
3527.44599,0.98562
3525.38677,0.98513
3523.32754,0.98506
3521.26832,0.98536
3519.20910,0.98513
3517.14988,0.98447
3515.09066,0.98414
3513.03144,0.98402
3510.97222,0.98388
3508.91300,0.98359
3506.85377,0.98311
3504.79455,0.98272
3502.73533,0.98267
3500.67611,0.98265
3498.61689,0.98230
3496.55767,0.98191
3494.49845,0.98191
3492.43923,0.98219
3490.38000,0.98227
3488.32078,0.98204
3486.26156,0.98168
3484.20234,0.98117
3482.14312,0.98061
3480.08390,0.98019
3478.02468,0.97990
3475.96546,0.97944
3473.90623,0.97866
3471.84701,0.97773
3469.78779,0.97671
3467.72857,0.97546
3465.66935,0.97426
3463.61013,0.97338
3461.55091,0.97273
3459.49169,0.97221
3457.43246,0.97159
3455.37324,0.97064
3453.31402,0.96946
3451.25480,0.96835
3449.19558,0.96730
3447.13636,0.96619
3445.07714,0.96516
3443.01792,0.96411
3440.95869,0.96274
3438.89947,0.96132
3436.84025,0.95991
3434.78103,0.95821
3432.72181,0.95624
3430.66259,0.95421
3428.60337,0.95246
3426.54415,0.95092
3424.48492,0.94924
3422.42570,0.94746
3420.36648,0.94536
3418.30726,0.94289
3416.24804,0.94042
3414.18882,0.93786
3412.12960,0.93521
3410.07038,0.93258
3408.01115,0.92991
3405.95193,0.92725
3403.89271,0.92437
3401.83349,0.92109
3399.77427,0.91787
3397.71505,0.91509
3395.65583,0.91240
3393.59661,0.90946
3391.53738,0.90671
3389.47816,0.90466
3387.41894,0.90309
3385.35972,0.90160
3383.30050,0.90010
3381.24128,0.89864
3379.18206,0.89738
3377.12284,0.89632
3375.06361,0.89528
3373.00439,0.89438
3370.94517,0.89372
3368.88595,0.89327
3366.82673,0.89311
3364.76751,0.89312
3362.70829,0.89292
3360.64907,0.89239
3358.58985,0.89182
3356.53062,0.89140
3354.47140,0.89119
3352.41218,0.89128
3350.35296,0.89155
3348.29374,0.89174
3346.23452,0.89191
3344.17530,0.89233
3342.11608,0.89294
3340.05685,0.89370
3337.99763,0.89484
3335.93841,0.89614
3333.87919,0.89743
3331.81997,0.89896
3329.76075,0.90065
3327.70153,0.90246
3325.64231,0.90447
3323.58308,0.90656
3321.52386,0.90875
3319.46464,0.91135
3317.40542,0.91423
3315.34620,0.91671
3313.28698,0.91889
3311.22776,0.92140
3309.16854,0.92419
3307.10931,0.92698
3305.05009,0.92968
3302.99087,0.93249
3300.93165,0.93543
3298.87243,0.93801
3296.81321,0.94034
3294.75399,0.94288
3292.69477,0.94544
3290.63554,0.94774
3288.57632,0.94977
3286.51710,0.95180
3284.45788,0.95411
3282.39866,0.95648
3280.33944,0.95835
3278.28022,0.95965
3276.22100,0.96085
3274.16177,0.96236
3272.10255,0.96415
3270.04333,0.96586
3267.98411,0.96713
3265.92489,0.96821
3263.86567,0.96933
3261.80645,0.97022
3259.74723,0.97104
3257.68800,0.97215
3255.62878,0.97342
3253.56956,0.97443
3251.51034,0.97517
3249.45112,0.97590
3247.39190,0.97652
3245.33268,0.97696
3243.27346,0.97751
3241.21423,0.97810
3239.15501,0.97859
3237.09579,0.97913
3235.03657,0.97971
3232.97735,0.98026
3230.91813,0.98076
3228.85891,0.98115
3226.79969,0.98170
3224.74046,0.98243
3222.68124,0.98299
3220.62202,0.98322
3218.56280,0.98330
3216.50358,0.98356
3214.44436,0.98403
3212.38514,0.98430
3210.32592,0.98441
3208.26669,0.98464
3206.20747,0.98499
3204.14825,0.98537
3202.08903,0.98552
3200.02981,0.98561
3197.97059,0.98595
3195.91137,0.98625
3193.85215,0.98617
3191.79292,0.98589
3189.73370,0.98587
3187.67448,0.98609
3185.61526,0.98624
3183.55604,0.98637
3181.49682,0.98654
3179.43760,0.98661
3177.37838,0.98661
3175.31915,0.98679
3173.25993,0.98703
3171.20071,0.98698
3169.14149,0.98671
3167.08227,0.98642
3165.02305,0.98626
3162.96383,0.98624
3160.90461,0.98626
3158.84538,0.98623
3156.78616,0.98615
3154.72694,0.98615
3152.66772,0.98637
3150.60850,0.98666
3148.54928,0.98676
3146.49006,0.98682
3144.43084,0.98694
3142.37161,0.98686
3140.31239,0.98676
3138.25317,0.98703
3136.19395,0.98749
3134.13473,0.98770
3132.07551,0.98745
3130.01629,0.98709
3127.95707,0.98697
3125.89784,0.98692
3123.83862,0.98659
3121.77940,0.98616
3119.72018,0.98605
3117.66096,0.98600
3115.60174,0.98541
3113.54252,0.98450
3111.48330,0.98373
3109.42407,0.98308
3107.36485,0.98254
3105.30563,0.98226
3103.24641,0.98224
3101.18719,0.98254
3099.12797,0.98303
3097.06875,0.98326
3095.00953,0.98328
3092.95030,0.98331
3090.89108,0.98319
3088.83186,0.98279
3086.77264,0.98219
3084.71342,0.98163
3082.65420,0.98128
3080.59498,0.98102
3078.53576,0.98081
3076.47653,0.98071
3074.41731,0.98067
3072.35809,0.98085
3070.29887,0.98119
3068.23965,0.98128
3066.18043,0.98114
3064.12121,0.98106
3062.06199,0.98090
3060.00276,0.98077
3057.94354,0.98094
3055.88432,0.98125
3053.82510,0.98139
3051.76588,0.98124
3049.70666,0.98094
3047.64744,0.98072
3045.58822,0.98060
3043.52900,0.98040
3041.46977,0.98004
3039.41055,0.97976
3037.35133,0.97983
3035.29211,0.98014
3033.23289,0.98049
3031.17367,0.98078
3029.11445,0.98077
3027.05523,0.98044
3024.99600,0.98000
3022.93678,0.97931
3020.87756,0.97829
3018.81834,0.97725
3016.75912,0.97607
3014.69990,0.97462
3012.64068,0.97314
3010.58146,0.97163
3008.52223,0.96990
3006.46301,0.96770
3004.40379,0.96494
3002.34457,0.96172
3000.28535,0.95812
2998.22613,0.95417
2996.16691,0.94987
2994.10769,0.94531
2992.04846,0.94057
2989.98924,0.93548
2987.93002,0.92996
2985.87080,0.92408
2983.81158,0.91770
2981.75236,0.91086
2979.69314,0.90372
2977.63392,0.89622
2975.57469,0.88790
2973.51547,0.87839
2971.45625,0.86770
2969.39703,0.85608
2967.33781,0.84393
2965.27859,0.83196
2963.21937,0.82097
2961.16015,0.81182
2959.10092,0.80569
2957.04170,0.80323
2954.98248,0.80424
2952.92326,0.80822
2950.86404,0.81442
2948.80482,0.82165
2946.74560,0.82889
2944.68638,0.83545
2942.62715,0.84064
2940.56793,0.84412
2938.50871,0.84612
2936.44949,0.84706
2934.39027,0.84765
2932.33105,0.84832
2930.27183,0.84925
2928.21261,0.85107
2926.15338,0.85405
2924.09416,0.85758
2922.03494,0.86103
2919.97572,0.86412
2917.91650,0.86676
2915.85728,0.86891
2913.79806,0.87093
2911.73884,0.87326
2909.67961,0.87569
2907.62039,0.87802
2905.56117,0.88039
2903.50195,0.88293
2901.44273,0.88530
2899.38351,0.88712
2897.32429,0.88888
2895.26507,0.89104
2893.20584,0.89351
2891.14662,0.89611
2889.08740,0.89890
2887.02818,0.90181
2884.96896,0.90437
2882.90974,0.90606
2880.85052,0.90652
2878.79130,0.90561
2876.73207,0.90360
2874.67285,0.90118
2872.61363,0.89955
2870.55441,0.89987
2868.49519,0.90248
2866.43597,0.90694
2864.37675,0.91226
2862.31753,0.91723
2860.25830,0.92125
2858.19908,0.92449
2856.13986,0.92752
2854.08064,0.93079
2852.02142,0.93433
2849.96220,0.93799
2847.90298,0.94177
2845.84376,0.94587
2843.78453,0.95030
2841.72531,0.95462
2839.66609,0.95837
2837.60687,0.96156
2835.54765,0.96414
2833.48843,0.96617
2831.42921,0.96806
2829.36999,0.96971
2827.31076,0.97092
2825.25154,0.97180
2823.19232,0.97240
2821.13310,0.97283
2819.07388,0.97323
2817.01466,0.97370
2814.95544,0.97418
2812.89622,0.97442
2810.83699,0.97438
2808.77777,0.97441
2806.71855,0.97462
2804.65933,0.97482
2802.60011,0.97503
2800.54089,0.97521
2798.48167,0.97523
2796.42245,0.97528
2794.36322,0.97569
2792.30400,0.97624
2790.24478,0.97658
2788.18556,0.97691
2786.12634,0.97751
2784.06712,0.97812
2782.00790,0.97856
2779.94868,0.97887
2777.88945,0.97906
2775.83023,0.97917
2773.77101,0.97936
2771.71179,0.97988
2769.65257,0.98064
2767.59335,0.98141
2765.53413,0.98203
2763.47491,0.98244
2761.41568,0.98280
2759.35646,0.98315
2757.29724,0.98351
2755.23802,0.98390
2753.17880,0.98424
2751.11958,0.98443
2749.06036,0.98434
2747.00114,0.98413
2744.94192,0.98411
2742.88269,0.98433
2740.82347,0.98454
2738.76425,0.98466
2736.70503,0.98479
2734.64581,0.98497
2732.58659,0.98530
2730.52737,0.98558
2728.46815,0.98564
2726.40892,0.98573
2724.34970,0.98589
2722.29048,0.98602
2720.23126,0.98616
2718.17204,0.98629
2716.11282,0.98634
2714.05360,0.98635
2711.99438,0.98639
2709.93515,0.98651
2707.87593,0.98675
2705.81671,0.98690
2703.75749,0.98708
2701.69827,0.98753
2699.63905,0.98794
2697.57983,0.98811
2695.52061,0.98823
2693.46138,0.98836
2691.40216,0.98843
2689.34294,0.98860
2687.28372,0.98887
2685.22450,0.98906
2683.16528,0.98920
2681.10606,0.98936
2679.04684,0.98949
2676.98761,0.98965
2674.92839,0.98996
2672.86917,0.99018
2670.80995,0.99023
2668.75073,0.99034
2666.69151,0.99045
2664.63229,0.99051
2662.57307,0.99070
2660.51384,0.99094
2658.45462,0.99116
2656.39540,0.99139
2654.33618,0.99138
2652.27696,0.99113
2650.21774,0.99117
2648.15852,0.99154
2646.09930,0.99182
2644.04007,0.99182
2641.98085,0.99174
2639.92163,0.99183
2637.86241,0.99211
2635.80319,0.99237
2633.74397,0.99253
2631.68475,0.99253
2629.62553,0.99240
2627.56630,0.99225
2625.50708,0.99210
2623.44786,0.99216
2621.38864,0.99235
2619.32942,0.99240
2617.27020,0.99255
2615.21098,0.99282
2613.15176,0.99294
2611.09253,0.99285
2609.03331,0.99269
2606.97409,0.99275
2604.91487,0.99289
2602.85565,0.99292
2600.79643,0.99305
2598.73721,0.99318
2596.67799,0.99315
2594.61876,0.99330
2592.55954,0.99358
2590.50032,0.99351
2588.44110,0.99309
2586.38188,0.99263
2584.32266,0.99234
2582.26344,0.99256
2580.20422,0.99322
2578.14499,0.99352
2576.08577,0.99327
2574.02655,0.99315
2571.96733,0.99322
2569.90811,0.99307
2567.84889,0.99301
2565.78967,0.99315
2563.73045,0.99310
2561.67122,0.99297
2559.61200,0.99289
2557.55278,0.99281
2555.49356,0.99288
2553.43434,0.99298
2551.37512,0.99308
2549.31590,0.99342
2547.25668,0.99380
2545.19745,0.99379
2543.13823,0.99357
2541.07901,0.99340
2539.01979,0.99327
2536.96057,0.99324
2534.90135,0.99334
2532.84213,0.99350
2530.78291,0.99341
2528.72368,0.99313
2526.66446,0.99313
2524.60524,0.99334
2522.54602,0.99348
2520.48680,0.99370
2518.42758,0.99404
2516.36836,0.99400
2514.30914,0.99359
2512.24991,0.99335
2510.19069,0.99328
2508.13147,0.99316
2506.07225,0.99306
2504.01303,0.99313
2501.95381,0.99332
2499.89459,0.99336
2497.83537,0.99333
2495.77614,0.99349
2493.71692,0.99383
2491.65770,0.99409
2489.59848,0.99409
2487.53926,0.99404
2485.48004,0.99410
2483.42082,0.99403
2481.36160,0.99389
2479.30237,0.99383
2477.24315,0.99381
2475.18393,0.99384
2473.12471,0.99386
2471.06549,0.99366
2469.00627,0.99357
2466.94705,0.99387
2464.88783,0.99425
2462.82860,0.99450
2460.76938,0.99456
2458.71016,0.99455
2456.65094,0.99474
2454.59172,0.99490
2452.53250,0.99482
2450.47328,0.99452
2448.41406,0.99418
2446.35483,0.99404
2444.29561,0.99401
2442.23639,0.99396
2440.17717,0.99398
2438.11795,0.99404
2436.05873,0.99405
2433.99951,0.99390
2431.94029,0.99374
2429.88107,0.99389
2427.82184,0.99413
2425.76262,0.99403
2423.70340,0.99380
2421.64418,0.99364
2419.58496,0.99360
2417.52574,0.99374
2415.46652,0.99404
2413.40730,0.99446
2411.34807,0.99450
2409.28885,0.99388
2407.22963,0.99328
2405.17041,0.99321
2403.11119,0.99344
2401.05197,0.99359
2398.99275,0.99355
2396.93353,0.99335
2394.87430,0.99305
2392.81508,0.99279
2390.75586,0.99268
2388.69664,0.99259
2386.63742,0.99246
2384.57820,0.99246
2382.51898,0.99255
2380.45976,0.99250
2378.40053,0.99233
2376.34131,0.99233
2374.28209,0.99277
2372.22287,0.99349
2370.16365,0.99363
2368.10443,0.99285
2366.04521,0.99251
2363.98599,0.99306
2361.92676,0.99342
2359.86754,0.99356
2357.80832,0.99396
2355.74910,0.99399
2353.68988,0.99345
2351.63066,0.99302
2349.57144,0.99291
2347.51222,0.99315
2345.45299,0.99387
2343.39377,0.99455
2341.33455,0.99444
2339.27533,0.99401
2337.21611,0.99377
2335.15689,0.99372
2333.09767,0.99385
2331.03845,0.99401
2328.97922,0.99389
2326.92000,0.99339
2324.86078,0.99301
2322.80156,0.99295
2320.74234,0.99293
2318.68312,0.99279
2316.62390,0.99283
2314.56468,0.99300
2312.50545,0.99297
2310.44623,0.99303
2308.38701,0.99339
2306.32779,0.99361
2304.26857,0.99345
2302.20935,0.99338
2300.15013,0.99348
2298.09091,0.99351
2296.03168,0.99352
2293.97246,0.99359
2291.91324,0.99352
2289.85402,0.99323
2287.79480,0.99310
2285.73558,0.99342
2283.67636,0.99387
2281.61714,0.99436
2279.55791,0.99482
2277.49869,0.99492
2275.43947,0.99501
2273.38025,0.99511
2271.32103,0.99489
2269.26181,0.99455
2267.20259,0.99398
2265.14337,0.99355
2263.08414,0.99368
2261.02492,0.99362
2258.96570,0.99341
2256.90648,0.99357
2254.84726,0.99388
2252.78804,0.99425
2250.72882,0.99463
2248.66960,0.99488
2246.61037,0.99510
2244.55115,0.99537
2242.49193,0.99538
2240.43271,0.99510
2238.37349,0.99461
2236.31427,0.99399
2234.25505,0.99379
2232.19583,0.99393
2230.13660,0.99380
2228.07738,0.99398
2226.01816,0.99465
2223.95894,0.99519
2221.89972,0.99543
2219.84050,0.99503
2217.78128,0.99461
2215.72206,0.99471
2213.66283,0.99436
2211.60361,0.99368
2209.54439,0.99337
2207.48517,0.99317
2205.42595,0.99313
2203.36673,0.99369
2201.30751,0.99431
2199.24829,0.99371
2197.18906,0.99249
2195.12984,0.99222
2193.07062,0.99305
2191.01140,0.99422
2188.95218,0.99515
2186.89296,0.99613
2184.83374,0.99658
2182.77452,0.99522
2180.71529,0.99286
2178.65607,0.99213
2176.59685,0.99358
2174.53763,0.99495
2172.47841,0.99510
2170.41919,0.99463
2168.35997,0.99415
2166.30075,0.99402
2164.24152,0.99445
2162.18230,0.99589
2160.12308,0.99739
2158.06386,0.99736
2156.00464,0.99675
2153.94542,0.99645
2151.88620,0.99565
2149.82698,0.99442
2147.76775,0.99406
2145.70853,0.99478
2143.64931,0.99544
2141.59009,0.99534
2139.53087,0.99472
2137.47165,0.99434
2135.41243,0.99409
2133.35321,0.99328
2131.29399,0.99242
2129.23476,0.99231
2127.17554,0.99262
2125.11632,0.99275
2123.05710,0.99254
2120.99788,0.99223
2118.93866,0.99209
2116.87944,0.99197
2114.82022,0.99180
2112.76099,0.99215
2110.70177,0.99301
2108.64255,0.99312
2106.58333,0.99234
2104.52411,0.99180
2102.46489,0.99177
2100.40567,0.99202
2098.34645,0.99229
2096.28722,0.99220
2094.22800,0.99203
2092.16878,0.99190
2090.10956,0.99158
2088.05034,0.99132
2085.99112,0.99166
2083.93190,0.99232
2081.87268,0.99259
2079.81345,0.99251
2077.75423,0.99226
2075.69501,0.99215
2073.63579,0.99214
2071.57657,0.99178
2069.51735,0.99152
2067.45813,0.99140
2065.39891,0.99087
2063.33968,0.99078
2061.28046,0.99162
2059.22124,0.99248
2057.16202,0.99247
2055.10280,0.99214
2053.04358,0.99255
2050.98436,0.99290
2048.92514,0.99230
2046.86591,0.99165
2044.80669,0.99199
2042.74747,0.99338
2040.68825,0.99495
2038.62903,0.99518
2036.56981,0.99390
2034.51059,0.99240
2032.45137,0.99137
2030.39214,0.99055
2028.33292,0.98992
2026.27370,0.99016
2024.21448,0.99084
2022.15526,0.99059
2020.09604,0.99067
2018.03682,0.99200
2015.97760,0.99313
2013.91837,0.99375
2011.85915,0.99363
2009.79993,0.99295
2007.74071,0.99240
2005.68149,0.99211
2003.62227,0.99221
2001.56305,0.99209
1999.50383,0.99130
1997.44460,0.99067
1995.38538,0.99041
1993.32616,0.98987
1991.26694,0.98985
1989.20772,0.99078
1987.14850,0.99131
1985.08928,0.99119
1983.03006,0.99192
1980.97083,0.99335
1978.91161,0.99413
1976.85239,0.99368
1974.79317,0.99208
1972.73395,0.99090
1970.67473,0.99112
1968.61551,0.99132
1966.55629,0.99089
1964.49706,0.99093
1962.43784,0.99087
1960.37862,0.99030
1958.31940,0.99031
1956.26018,0.99025
1954.20096,0.98912
1952.14174,0.98870
1950.08252,0.98996
1948.02329,0.99087
1945.96407,0.99063
1943.90485,0.99020
1941.84563,0.98995
1939.78641,0.98970
1937.72719,0.98888
1935.66797,0.98784
1933.60875,0.98765
1931.54952,0.98778
1929.49030,0.98744
1927.43108,0.98715
1925.37186,0.98733
1923.31264,0.98774
1921.25342,0.98798
1919.19420,0.98794
1917.13498,0.98815
1915.07575,0.98861
1913.01653,0.98885
1910.95731,0.98852
1908.89809,0.98807
1906.83887,0.98801
1904.77965,0.98777
1902.72043,0.98731
1900.66121,0.98727
1898.60198,0.98783
1896.54276,0.98833
1894.48354,0.98831
1892.42432,0.98792
1890.36510,0.98765
1888.30588,0.98764
1886.24666,0.98770
1884.18744,0.98783
1882.12821,0.98810
1880.06899,0.98841
1878.00977,0.98856
1875.95055,0.98837
1873.89133,0.98774
1871.83211,0.98701
1869.77289,0.98656
1867.71367,0.98695
1865.65444,0.98786
1863.59522,0.98840
1861.53600,0.98829
1859.47678,0.98788
1857.41756,0.98775
1855.35834,0.98794
1853.29912,0.98790
1851.23990,0.98738
1849.18067,0.98690
1847.12145,0.98659
1845.06223,0.98630
1843.00301,0.98598
1840.94379,0.98575
1838.88457,0.98532
1836.82535,0.98490
1834.76613,0.98502
1832.70691,0.98508
1830.64768,0.98421
1828.58846,0.98326
1826.52924,0.98315
1824.47002,0.98299
1822.41080,0.98250
1820.35158,0.98205
1818.29236,0.98174
1816.23314,0.98133
1814.17391,0.98069
1812.11469,0.97986
1810.05547,0.97929
1807.99625,0.97892
1805.93703,0.97857
1803.87781,0.97816
1801.81859,0.97747
1799.75937,0.97670
1797.70014,0.97594
1795.64092,0.97527
1793.58170,0.97476
1791.52248,0.97446
1789.46326,0.97409
1787.40404,0.97363
1785.34482,0.97276
1783.28560,0.97153
1781.22637,0.97022
1779.16715,0.96897
1777.10793,0.96786
1775.04871,0.96652
1772.98949,0.96470
1770.93027,0.96252
1768.87105,0.96087
1766.81183,0.95917
1764.75260,0.95707
1762.69338,0.95393
1760.63416,0.95002
1758.57494,0.94564
1756.51572,0.93963
1754.45650,0.93250
1752.39728,0.92312
1750.33806,0.90714
1748.27883,0.88467
1746.21961,0.85901
1744.16039,0.82764
1742.10117,0.78933
1740.04195,0.74157
1737.98273,0.69332
1735.92351,0.64890
1733.86429,0.58827
1731.80506,0.52793
1729.74584,0.48460
1727.68662,0.44636
1725.62740,0.41307
1723.56818,0.38419
1721.50896,0.36190
1719.44974,0.34560
1717.39052,0.32979
1715.33129,0.31807
1713.27207,0.31225
1711.21285,0.30835
1709.15363,0.30494
1707.09441,0.30142
1705.03519,0.29852
1702.97597,0.29750
1700.91675,0.30128
1698.85752,0.31158
1696.79830,0.33196
1694.73908,0.36568
1692.67986,0.40303
1690.62064,0.44707
1688.56142,0.49967
1686.50220,0.55023
1684.44298,0.61533
1682.38375,0.68286
1680.32453,0.72355
1678.26531,0.75494
1676.20609,0.78495
1674.14687,0.81315
1672.08765,0.83331
1670.02843,0.85001
1667.96921,0.86592
1665.90998,0.87641
1663.85076,0.88548
1661.79154,0.89519
1659.73232,0.90318
1657.67310,0.90860
1655.61388,0.91243
1653.55466,0.91650
1651.49544,0.92027
1649.43621,0.92043
1647.37699,0.91548
1645.31777,0.90255
1643.25855,0.88410
1641.19933,0.86083
1639.14011,0.83717
1637.08089,0.82268
1635.02167,0.82827
1632.96244,0.84658
1630.90322,0.86372
1628.84400,0.87885
1626.78478,0.88939
1624.72556,0.89378
1622.66634,0.89367
1620.60712,0.89263
1618.54790,0.89517
1616.48867,0.90548
1614.42945,0.91858
1612.37023,0.92782
1610.31101,0.93475
1608.25179,0.94002
1606.19257,0.94378
1604.13335,0.94618
1602.07413,0.94762
1600.01490,0.94849
1597.95568,0.94890
1595.89646,0.94902
1593.83724,0.94898
1591.77802,0.94861
1589.71880,0.94775
1587.65958,0.94643
1585.60036,0.94462
1583.54113,0.94229
1581.48191,0.93950
1579.42269,0.93631
1577.36347,0.93175
1575.30425,0.92508
1573.24503,0.91909
1571.18581,0.91223
1569.12659,0.90128
1567.06736,0.88934
1565.00814,0.87735
1562.94892,0.86537
1560.88970,0.85260
1558.83048,0.82642
1556.77126,0.79872
1554.71204,0.78086
1552.65282,0.76207
1550.59359,0.74155
1548.53437,0.72064
1546.47515,0.70183
1544.41593,0.68277
1542.35671,0.66251
1540.29749,0.63893
1538.23827,0.61908
1536.17905,0.60923
1534.11982,0.60063
1532.06060,0.59207
1530.00138,0.58787
1527.94216,0.58683
1525.88294,0.58838
1523.82372,0.59276
1521.76450,0.60164
1519.70528,0.61462
1517.64606,0.63003
1515.58683,0.64986
1513.52761,0.67025
1511.46839,0.69049
1509.40917,0.71142
1507.34995,0.74291
1505.29073,0.78155
1503.23151,0.80360
1501.17229,0.82022
1499.11306,0.83760
1497.05384,0.85485
1494.99462,0.86773
1492.93540,0.87456
1490.87618,0.87740
1488.81696,0.87682
1486.75774,0.87274
1484.69852,0.86610
1482.63929,0.85628
1480.58007,0.84311
1478.52085,0.82861
1476.46163,0.81401
1474.40241,0.80040
1472.34319,0.78948
1470.28397,0.78322
1468.22475,0.77937
1466.16552,0.77377
1464.10630,0.76454
1462.04708,0.75511
1459.98786,0.74683
1457.92864,0.73698
1455.86942,0.72848
1453.81020,0.72784
1451.75098,0.73272
1449.69175,0.74148
1447.63253,0.75240
1445.57331,0.76151
1443.51409,0.76718
1441.45487,0.77139
1439.39565,0.77629
1437.33643,0.78590
1435.27721,0.80238
1433.21798,0.81942
1431.15876,0.83616
1429.09954,0.85150
1427.04032,0.86049
1424.98110,0.86258
1422.92188,0.85910
1420.86266,0.84934
1418.80344,0.82772
1416.74421,0.79703
1414.68499,0.76471
1412.62577,0.72999
1410.56655,0.69963
1408.50733,0.68605
1406.44811,0.69563
1404.38889,0.72496
1402.32967,0.75787
1400.27044,0.78499
1398.21122,0.80670
1396.15200,0.82027
1394.09278,0.82533
1392.03356,0.82512
1389.97434,0.82473
1387.91512,0.82718
1385.85590,0.83093
1383.79667,0.83201
1381.73745,0.83034
1379.67823,0.82856
1377.61901,0.82926
1375.55979,0.83193
1373.50057,0.83201
1371.44135,0.82600
1369.38213,0.81767
1367.32290,0.81549
1365.26368,0.82437
1363.20446,0.84161
1361.14524,0.85887
1359.08602,0.86931
1357.02680,0.87431
1354.96758,0.87601
1352.90836,0.87533
1350.84913,0.87267
1348.78991,0.86788
1346.73069,0.86118
1344.67147,0.85374
1342.61225,0.84694
1340.55303,0.84142
1338.49381,0.83740
1336.43459,0.83473
1334.37536,0.83203
1332.31614,0.82721
1330.25692,0.81816
1328.19770,0.80406
1326.13848,0.78638
1324.07926,0.76876
1322.02004,0.75591
1319.96082,0.75094
1317.90159,0.75351
1315.84237,0.75994
1313.78315,0.76587
1311.72393,0.76789
1309.66471,0.76349
1307.60549,0.75073
1305.54627,0.72874
1303.48705,0.69884
1301.42782,0.66498
1299.36860,0.63414
1297.30938,0.61473
1295.25016,0.61250
1293.19094,0.62564
1291.13172,0.64497
1289.07250,0.66069
1287.01328,0.66791
1284.95405,0.66679
1282.89483,0.65999
1280.83561,0.65034
1278.77639,0.63952
1276.71717,0.62829
1274.65795,0.61730
1272.59873,0.60702
1270.53951,0.59728
1268.48028,0.58746
1266.42106,0.57713
1264.36184,0.56629
1262.30262,0.55496
1260.24340,0.54302
1258.18418,0.53052
1256.12496,0.51748
1254.06574,0.50407
1252.00651,0.49082
1249.94729,0.47845
1247.88807,0.46735
1245.82885,0.45820
1243.76963,0.45183
1241.71041,0.44878
1239.65119,0.44954
1237.59197,0.45458
1235.53274,0.46428
1233.47352,0.47891
1231.41430,0.49817
1229.35508,0.52100
1227.29586,0.54597
1225.23664,0.57152
1223.17742,0.59607
1221.11820,0.61785
1219.05898,0.63489
1216.99975,0.64549
1214.94053,0.64881
1212.88131,0.64483
1210.82209,0.63423
1208.76287,0.61828
1206.70365,0.59818
1204.64443,0.57513
1202.58521,0.55039
1200.52598,0.52525
1198.46676,0.50088
1196.40754,0.47813
1194.34832,0.45769
1192.28910,0.43999
1190.22988,0.42525
1188.17066,0.41368
1186.11144,0.40556
1184.05221,0.40089
1181.99299,0.39932
1179.93377,0.39975
1177.87455,0.40075
1175.81533,0.40117
1173.75611,0.40042
1171.69689,0.39904
1169.63767,0.39847
1167.57844,0.40040
1165.51922,0.40644
1163.46000,0.41713
1161.40078,0.43116
1159.34156,0.44554
1157.28234,0.45629
1155.22312,0.46014
1153.16390,0.45641
1151.10467,0.44710
1149.04545,0.43547
1146.98623,0.42447
1144.92701,0.41618
1142.86779,0.41167
1140.80857,0.41124
1138.74935,0.41483
1136.69013,0.42245
1134.63090,0.43453
1132.57168,0.45156
1130.51246,0.47323
1128.45324,0.49814
1126.39402,0.52461
1124.33480,0.55135
1122.27558,0.57760
1120.21636,0.60286
1118.15713,0.62670
1116.09791,0.64876
1114.03869,0.66878
1111.97947,0.68608
1109.92025,0.69983
1107.86103,0.70982
1105.80181,0.71663
1103.74259,0.72152
1101.68336,0.72642
1099.62414,0.73314
1097.56492,0.74184
1095.50570,0.75117
1093.44648,0.75911
1091.38726,0.76357
1089.32804,0.76338
1087.26882,0.75907
1085.20959,0.75180
1083.15037,0.74209
1081.09115,0.73016
1079.03193,0.71664
1076.97271,0.70316
1074.91349,0.69213
1072.85427,0.68488
1070.79505,0.68051
1068.73582,0.67669
1066.67660,0.67112
1064.61738,0.66284
1062.55816,0.65249
1060.49894,0.64195
1058.43972,0.63325
1056.38050,0.62759
1054.32128,0.62511
1052.26205,0.62502
1050.20283,0.62623
1048.14361,0.62764
1046.08439,0.62862
1044.02517,0.62941
1041.96595,0.63040
1039.90673,0.63205
1037.84751,0.63529
1035.78828,0.64091
1033.72906,0.64945
1031.66984,0.66138
1029.61062,0.67624
1027.55140,0.69266
1025.49218,0.70912
1023.43296,0.72418
1021.37374,0.73673
1019.31451,0.74638
1017.25529,0.75315
1015.19607,0.75687
1013.13685,0.75799
1011.07763,0.75778
1009.01841,0.75694
1006.95919,0.75564
1004.89997,0.75408
1002.84074,0.75204
1000.78152,0.74861
998.72230,0.74216
996.66308,0.73121
994.60386,0.71562
992.54464,0.69638
990.48542,0.67503
988.42620,0.65395
986.36697,0.63711
984.30775,0.62881
982.24853,0.63086
980.18931,0.64075
978.13009,0.65316
976.07087,0.66356
974.01165,0.67023
971.95243,0.67354
969.89320,0.67513
967.83398,0.67672
965.77476,0.67922
963.71554,0.68308
961.65632,0.68833
959.59710,0.69429
957.53788,0.69960
955.47866,0.70303
953.41943,0.70412
951.36021,0.70333
949.30099,0.70156
947.24177,0.69973
945.18255,0.69874
943.12333,0.69954
941.06411,0.70314
939.00489,0.71066
936.94566,0.72281
934.88644,0.73886
932.82722,0.75679
930.76800,0.77471
928.70878,0.79132
926.64956,0.80584
924.59034,0.81801
922.53112,0.82769
920.47189,0.83503
918.41267,0.84093
916.35345,0.84650
914.29423,0.85239
912.23501,0.85854
910.17579,0.86428
908.11657,0.86878
906.05735,0.87171
903.99813,0.87302
901.93890,0.87255
899.87968,0.87066
897.82046,0.86820
895.76124,0.86552
893.70202,0.86233
891.64280,0.85855
889.58358,0.85432
887.52436,0.84960
885.46513,0.84474
883.40591,0.84078
881.34669,0.83861
879.28747,0.83863
877.22825,0.84083
875.16903,0.84512
873.10981,0.85108
871.05059,0.85757
868.99136,0.86357
866.93214,0.86874
864.87292,0.87308
862.81370,0.87674
860.75448,0.88000
858.69526,0.88283
856.63604,0.88464
854.57682,0.88527
852.51759,0.88554
850.45837,0.88625
848.39915,0.88759
846.33993,0.88959
844.28071,0.89205
842.22149,0.89449
840.16227,0.89671
838.10305,0.89848
836.04382,0.89950
833.98460,0.89981
831.92538,0.89902
829.86616,0.89618
827.80694,0.89052
825.74772,0.88124
823.68850,0.86693
821.62928,0.84527
819.57005,0.81458
817.51083,0.77556
815.45161,0.73174
813.39239,0.69065
811.33317,0.66442
809.27395,0.66682
807.21473,0.70331
805.15551,0.76146
803.09628,0.81853
801.03706,0.85949
798.97784,0.88348
796.91862,0.89610
794.85940,0.90178
792.80018,0.90262
790.74096,0.89930
788.68174,0.89091
786.62251,0.87571
784.56329,0.85282
782.50407,0.82312
780.44485,0.79004
778.38563,0.75992
776.32641,0.74034
774.26719,0.73678
772.20797,0.75026
770.14874,0.77672
768.08952,0.80851
766.03030,0.83809
763.97108,0.86102
761.91186,0.87622
759.85264,0.88485
757.79342,0.88905
755.73420,0.89099
753.67497,0.89214
751.61575,0.89370
749.55653,0.89646
747.49731,0.90017
745.43809,0.90397
743.37887,0.90690
741.31965,0.90834
739.26043,0.90823
737.20120,0.90693
735.14198,0.90467
733.08276,0.90196
731.02354,0.89949
728.96432,0.89750
726.90510,0.89585
724.84588,0.89414
722.78666,0.89245
720.72743,0.89048
718.66821,0.88763
716.60899,0.88453
714.54977,0.88170
712.49055,0.87917
710.43133,0.87708
708.37211,0.87520
706.31289,0.87340
704.25366,0.87165
702.19444,0.86983
700.13522,0.86789
698.07600,0.86561
696.01678,0.86299
693.95756,0.86048
691.89834,0.85829
689.83912,0.85584
687.77989,0.85298
685.72067,0.85028
683.66145,0.84760
681.60223,0.84409
679.54301,0.83913
677.48379,0.83226
675.42457,0.82402
673.36535,0.81657
671.30612,0.81098
669.24690,0.80431
667.18768,0.79377
665.12846,0.78529
663.06924,0.77900
661.01002,0.77320
658.95080,0.76841
656.89158,0.76448
654.83235,0.76152
652.77313,0.75978
650.71391,0.75931
648.65469,0.76050
646.59547,0.76309
644.53625,0.76613
642.47703,0.76911
640.41781,0.77180
638.35858,0.77367
636.29936,0.77453
634.24014,0.77471
632.18092,0.77470
630.12170,0.77476
628.06248,0.77452
626.00326,0.77406
623.94404,0.77376
621.88481,0.77306
619.82559,0.77164
617.76637,0.76972
615.70715,0.76779
613.64793,0.76638
611.58871,0.76511
609.52949,0.76340
607.47027,0.76105
605.41105,0.75901
603.35182,0.75885
601.29260,0.76002
599.23338,0.76110
597.17416,0.76152
595.11494,0.76145
593.05572,0.76243
590.99650,0.76536
588.93728,0.76910
586.87805,0.77266
584.81883,0.77583
582.75961,0.77850
580.70039,0.78080
578.64117,0.78278
576.58195,0.78440
574.52273,0.78607
572.46351,0.78751
570.40428,0.78878
568.34506,0.79053
566.28584,0.79236
564.22662,0.79426
562.16740,0.79644
560.10818,0.79851
558.04896,0.80020
555.98974,0.80147
553.93051,0.80284
551.87129,0.80436
549.81207,0.80529
547.75285,0.80578
545.69363,0.80643
543.63441,0.80695
541.57519,0.80715
539.51597,0.80651
537.45674,0.80477
535.39752,0.80317
533.33830,0.80201
531.27908,0.80067
529.21986,0.79923
527.16064,0.79783
525.10142,0.79630
523.04220,0.79457
520.98297,0.79310
518.92375,0.79274
516.86453,0.79389
514.80531,0.79646
512.74609,0.79952
510.68687,0.80259
508.62765,0.80572
506.56843,0.80790
504.50920,0.80878
502.44998,0.80885
500.39076,0.80824
498.33154,0.80689
496.27232,0.80474
494.21310,0.80182
492.15388,0.79898
490.09466,0.79730
488.03543,0.79546
485.97621,0.79232
483.91699,0.78974
481.85777,0.78886
479.79855,0.78863
477.73933,0.78864
475.68011,0.78962
473.62089,0.79236
471.56166,0.79700
469.50244,0.80205
467.44322,0.80639
465.38400,0.81035
463.32478,0.81450
461.26556,0.81863
459.20634,0.82248
457.14712,0.82705
455.08789,0.83222
453.02867,0.83634
450.96945,0.83938
448.91023,0.84203
446.85101,0.84445
444.79179,0.84749
442.73257,0.85146
440.67335,0.85464
438.61412,0.85711
436.55490,0.86029
434.49568,0.86361
432.43646,0.86732
430.37724,0.87248
428.31802,0.87676
426.25880,0.87753
424.19958,0.87591
422.14035,0.87415
420.08113,0.87271
418.02191,0.87263
415.96269,0.87164
413.90347,0.86805
411.84425,0.86428
409.78503,0.85992
407.72581,0.85233
405.66658,0.84354
403.60736,0.83616
401.54814,0.83008
399.48892,0.82608
